t,xErr,vErr,aErr,x
0.00,-0.005,-0.050,0.000,0.005,0.050,1.000
0.10,-0.015,-0.050,0.000,0.020,0.149,1.000
0.20,-0.025,-0.050,-0.000,0.045,0.249,1.000
0.30,-0.035,-0.050,0.000,0.079,0.348,1.000
0.40,-0.045,-0.050,-0.000,0.124,0.448,1.000
0.50,-0.054,-0.050,0.000,0.178,0.547,1.000
0.60,-0.064,-0.050,-0.000,0.243,0.647,1.000
0.70,-0.074,-0.050,0.000,0.317,0.746,1.000
0.80,-0.084,-0.050,-0.000,0.401,0.846,1.000
0.90,-0.094,-0.050,0.000,0.495,0.945,1.000
1.00,-0.104,-0.050,-0.000,0.599,1.045,1.000
1.09,-0.114,-0.050,0.000,0.713,1.144,1.000
1.19,-0.124,-0.050,-0.000,0.837,1.244,1.000
1.29,-0.134,-0.050,0.000,0.970,1.343,1.000
1.39,-0.144,-0.050,-0.000,1.114,1.443,1.000
1.49,-0.153,-0.050,0.000,1.267,1.542,1.000
1.59,-0.163,-0.050,-0.000,1.431,1.642,1.000
1.69,-0.173,-0.050,0.000,1.604,1.741,1.000
1.79,-0.183,-0.050,-0.000,1.787,1.841,1.000
1.89,-0.193,-0.050,0.000,1.980,1.940,1.000
1.99,-0.203,-0.050,-0.000,2.183,2.040,1.000
2.09,-0.208,0.000,-0.000,2.391,2.090,0.000
2.19,-0.208,-0.000,0.000,2.599,2.090,0.000
2.29,-0.208,0.000,-0.000,2.807,2.090,0.000
2.39,-0.208,-0.000,0.000,3.015,2.090,0.000
2.49,-0.208,0.000,-0.000,3.223,2.090,0.000
2.59,-0.208,-0.000,0.000,3.430,2.090,0.000
2.69,-0.208,0.000,-0.000,3.638,2.090,0.000
2.79,-0.208,-0.000,0.000,3.846,2.090,0.000
2.89,-0.208,0.000,-0.000,4.054,2.090,0.000
2.99,-0.208,-0.000,0.000,4.262,2.090,0.000
3.08,-0.208,0.000,-0.000,4.470,2.090,0.000
3.18,-0.208,-0.000,0.000,4.678,2.090,0.000
3.28,-0.208,0.000,-0.000,4.886,2.090,0.000
3.38,-0.208,-0.000,0.000,5.094,2.090,0.000
3.48,-0.208,0.000,-0.000,5.302,2.090,0.000
3.58,-0.208,-0.000,0.000,5.509,2.090,0.000
3.68,-0.208,0.000,-0.000,5.717,2.090,0.000
3.78,-0.208,-0.000,0.000,5.925,2.090,0.000
3.88,-0.208,0.000,-0.000,6.133,2.090,0.000
3.98,-0.208,-0.000,0.000,6.341,2.090,0.000
4.08,-0.208,0.000,-0.000,6.549,2.090,0.000
4.18,-0.208,-0.000,0.000,6.757,2.090,0.000
4.28,-0.208,0.000,-0.000,6.965,2.090,0.000
4.38,-0.208,-0.000,0.000,7.173,2.090,0.000
4.48,-0.208,0.000,-0.000,7.381,2.090,0.000
4.58,-0.208,-0.000,0.000,7.589,2.090,0.000
4.68,-0.208,0.000,-0.000,7.796,2.090,0.000
4.78,-0.208,-0.000,0.000,8.004,2.090,0.000
4.88,-0.208,0.000,-0.000,8.212,2.090,0.000
4.97,-0.208,-0.000,0.000,8.420,2.090,0.000
5.07,-0.208,0.000,-0.000,8.628,2.090,0.000
5.17,-0.208,-0.000,0.000,8.836,2.090,0.000
5.27,-0.208,0.000,-0.000,9.044,2.090,0.000
5.37,-0.208,-0.000,0.000,9.252,2.090,0.000
5.47,-0.208,0.000,-0.000,9.460,2.090,0.000
5.57,-0.208,-0.000,0.000,9.668,2.090,0.000
5.67,-0.208,0.000,-0.000,9.875,2.090,0.000
5.77,-0.208,-0.000,0.000,10.083,2.090,0.000
5.87,-0.208,0.000,-0.000,10.291,2.090,0.000
5.97,-0.208,-0.000,0.000,10.499,2.090,0.000
6.07,-0.208,0.000,-0.000,10.707,2.090,0.000
6.17,-0.208,-0.000,0.000,10.915,2.090,0.000
6.27,-0.208,0.000,-0.000,11.123,2.090,0.000
6.37,-0.208,-0.000,0.000,11.331,2.090,0.000
6.47,-0.208,0.000,-0.000,11.539,2.090,0.000
6.57,-0.208,-0.000,0.000,11.747,2.090,0.000
6.67,-0.208,0.000,-0.000,11.955,2.090,0.000
6.77,-0.208,-0.000,0.000,12.162,2.090,0.000
6.87,-0.208,0.000,-0.000,12.370,2.090,0.000
6.96,-0.208,-0.000,0.000,12.578,2.090,0.000
7.06,-0.208,0.000,-0.000,12.786,2.090,0.000
7.16,-0.208,-0.000,0.000,12.994,2.090,0.000
7.26,-0.208,0.000,-0.000,13.202,2.090,0.000
7.36,-0.208,-0.000,0.000,13.410,2.090,0.000
7.46,-0.208,0.000,-0.000,13.618,2.090,0.000
7.56,-0.208,-0.000,0.000,13.826,2.090,0.000
7.66,-0.208,0.000,-0.000,14.034,2.090,0.000
7.76,-0.208,-0.000,0.000,14.242,2.090,0.000
7.86,-0.208,0.000,-0.000,14.449,2.090,0.000
7.96,-0.208,-0.000,0.000,14.657,2.090,0.000
8.06,-0.203,0.050,-0.000,14.860,2.040,-1.000
8.16,-0.193,0.050,-0.000,15.053,1.940,-1.000
8.26,-0.183,0.050,0.000,15.236,1.841,-1.000
8.36,-0.173,0.050,-0.000,15.410,1.741,-1.000
8.46,-0.163,0.050,0.000,15.573,1.642,-1.000
8.56,-0.153,0.050,-0.000,15.727,1.542,-1.000
8.66,-0.144,0.050,0.000,15.870,1.443,-1.000
8.76,-0.134,0.050,-0.000,16.004,1.343,-1.000
8.86,-0.124,0.050,0.000,16.128,1.244,-1.000
8.96,-0.114,0.050,-0.000,16.241,1.144,-1.000
9.05,-0.104,0.050,0.000,16.345,1.045,-1.000
9.15,-0.094,0.050,-0.000,16.439,0.945,-1.000
9.25,-0.084,0.050,0.000,16.524,0.846,-1.000
9.35,-0.074,0.050,-0.000,16.598,0.746,-1.000
9.45,-0.064,0.050,0.000,16.662,0.647,-1.000
9.55,-0.054,0.050,-0.000,16.717,0.547,-1.000
9.65,-0.045,0.050,0.000,16.761,0.448,-1.000
9.75,-0.035,0.050,-0.000,16.796,0.348,-1.000
9.85,-0.025,0.050,0.000,16.821,0.249,-1.000
9.95,-0.015,0.050,-0.000,16.835,0.149,-1.000
0.18723,0.028720.00000,0.000,-92559616635817302000000000000000000000000000000000000000000000.000,-92559631349317831000000000000000000000000000000000000000000000.000
